  No    Ref    V       B-V     U-B

 0001   495  14.599   1.375         
 0002   495   9.473   0.285         
 0003   495  13.907   0.706         
 0004   495  13.795   2.052         
 0005   495  17.271   1.895         
 0006   495  15.985   1.490         
 0007   495  17.385   1.698         
 0008   495  14.219   2.175         
 0009   495  16.451   2.887         
 0010   495  12.477   0.721         
 0011   495  16.282   1.518         
 0012   495  17.080   1.611         
 0013   495  17.954   1.848         
 0014   495  17.455   1.558         
 0015   495  17.371   1.381         
 0016   495  17.134   1.645         
 0017   495  17.471   2.097         
 0018   495  14.897   0.921         
 0019   495  17.285   1.652         
 0020   495  14.999   1.331         
 0021   495  18.243   1.320         
 0022   495  16.508   1.395         
 0023   495  13.277   0.724         
 0024   495  15.167   0.722         
 0025   495  16.427   2.445         
 0026   495  18.199   1.773         
 0027   495  18.118   1.591         
 0028   495  15.287   1.275         
 0029   495  15.899   1.488         
 0030   495  15.470   1.107         
 0031   495  12.497   1.914         
 0032   495  17.817   1.376         
 0033   495  12.186   0.562         
 0034   495  17.846   3.260         
 0035   495  15.663   0.803         
 0036   495  17.104   1.496         
 0037   495  17.634   1.646         
 0038   495  17.941   2.104         
 0039   495  16.651   2.270         
 0040   495  15.144   1.146         
 0041   495  16.615   1.503         
 0042   495  14.580   0.865         
 0043   495  17.839   2.264         
 0044   495  15.886   1.225         
 0045   495  18.307   3.985         
 0046   495  17.347   1.609         
 0047   495  17.295   1.449         
 0048   495  16.230   1.631         
 0049   495  17.403   1.620         
 0050   495  17.490   1.639         
 0051   495  17.046   1.740         
 0052   495  15.732   1.650         
 0053   495  16.084   1.445         
 0054   495  13.503   0.955         
 0055   495  16.983   1.768         
 0056   495  16.266   1.427         
 0057   495  15.376   2.339         
 0058   495  17.852   1.633         
 0059   495  16.586   1.169         
 0060   495  17.967   1.686         
 0061   495  15.562   1.549         
 0062   495  15.898   0.966         
 0063   495  17.910   2.216         
 0064   495  16.553   1.720         
 0065   495  18.685   1.593         
 0066   495  16.871   1.457         
 0067   495  16.783   1.401         
 0068   495  14.882   1.074         
 0069   495  15.664   1.544         
 0070   495  17.282   1.702         
 0071   495  17.914   1.432         
 0072   495  17.571   1.664         
 0073   495  16.883   2.851         
 0074   495  18.115   1.421         
 0075   495  16.324   1.646         
 0076   495  15.089   0.955         
 0077   495  17.606   1.666         
 0078   495  14.844   1.955         
 0079   495  18.342   1.435         
 0080   495  14.753   1.129         
 0081   495  17.452   1.692         
 0082   495  16.371   1.454         
 0083   495  16.407   1.257         
 0084   495  17.666   1.422         
 0085   495  17.442   1.654         
 0086   495  17.438   1.713         
 0087   495  17.108   1.704         
 0088   495  16.642   1.619         
 0089   495  13.327   0.771         
 0090   495  16.052   1.210         
 0091   495  13.719   0.802         
 0092   495  17.225   1.732         
 0093   495  14.832   0.979         
 0094   495  16.958   1.753         
 0095   495  17.239   1.815         
 0096   495  17.901   1.609         
 0097   495  16.824   2.480         
 0098   495  15.924   1.117         
 0099   495  17.725   1.762         
 0100   495  16.889   1.631         
 0101   495  18.368   1.262         
 0102   495  17.348   1.602         
 0103   495  16.860   1.965         
 0104   495  17.300   1.567         
 0105   495  17.014   1.183         
 0106   495  16.473   1.556         
 0107   495  16.430   1.112         
 0108   495  16.084   1.570         
 0109   495  14.534   2.126         
 0110   495  17.598   1.120         
 0111   495  15.662   1.329         
 0112   495  13.573   0.715         
 0113   495  15.942   1.709         
 0114   495  14.754   1.389         
 0115   495  17.088   2.494         
 0116   495  17.893   2.015         
 0117   495  18.170   2.031         
 0118   495  17.786   1.746         
 0119   495  17.719   1.291         
 0120   495  17.593   1.468         
 0121   495  14.660   1.186         
 0122   495  17.493   1.777         
 0123   495  17.554   1.607         
 0124   495  17.494   1.572         
 0125   495  16.886   1.633         
 0126   495  15.682   2.123         
 0127   495  16.673   1.510         
 0128   495  17.307   1.448         
 0129   495  17.876   1.727         
 0130   495  16.680   1.530         
 0131   495  16.226   3.003         
 0132   495  17.814   1.843         
 0133   495  16.558   1.463         
 0134   495  18.483   2.614         
 0135   495  17.451   1.767         
 0136   495  16.965   2.339         
 0137   495  16.133   2.658         
 0138   495  16.033   1.621         
 0139   495  17.819   1.848         
 0140   495  14.932   1.087         
 0141   495  18.629   1.187         
 0142   495  16.188   1.561         
 0143   495  15.936   1.372         
 0144   495  16.697   1.622         
 0145   495  16.424   2.317         
 0146   495  17.199   1.618         
 0147   495  16.261   1.271         
 0148   495  18.311   1.395         
 0149   495  15.701   1.175         
 0150   495  17.464   3.716         
 0151   495  17.291   1.363         
 0152   495  16.107   1.431         
 0153   495  15.980   1.503         
 0154   495  17.046   1.427         
 0155   495  16.511   1.320         
 0156   495  17.527   1.642         
 0157   495  15.928   1.084         
 0158   495  14.120   0.880         
 0159   495  17.151   1.836         
 0160   495  17.427   1.800         
 0161   495  15.433   1.122         
 0162   495  18.095   1.366         
 0163   495  17.563   1.551         
 0164   495  16.613   1.202         
 0165   495  15.861   1.341         
 0166   495  17.779   2.663         
 0167   495  17.502   2.032         
 0168   495  16.214   1.567         
 0169   495  16.969   1.412         
 0170   495  15.384   1.286         
 0171   495  16.969   1.502         
 0172   495  17.700   1.775         
 0173   495  16.546   1.423         
 0174   495  17.346   2.463         
 0175   495   9.998   0.526         
 0176   495  16.681   1.415         
 0177   495  14.045   1.265         
 0178   495  17.028   2.816         
 0179   495  14.758   1.631         
 0180   495  17.235   1.862         
 0181   495  16.512   1.385         
 0182   495  17.346   1.610         
 0183   495  17.168   1.382         
 0184   495  18.183   1.937         
 0185   495  17.224   1.878         
 0186   495  14.768   1.338         
 0187   495  17.203   1.893         
 0188   495  17.634   1.845         
 0189   495  12.518  -0.603         
 0190   495  12.070   1.471         
 0191   495  17.659   2.055         
 0192   495  14.522   1.377         
 0193   495  16.939   3.022         
 0194   495  16.916   1.552         
 0195   495  16.356   2.569         
 0196   495  16.485   2.287         
 0197   495  16.430   1.528         
 0198   495  16.859   1.534         
 0199   495  14.948   2.344         
 0200   495  16.115   1.206         
 0201   495  16.531   1.062         
 0202   495  16.210   1.326         
 0203   495  15.933   0.808         
 0204   495  18.031   1.202         
 0205   495  17.144   1.686         
 0206   495  10.842   1.172         
 0207   495  15.940   1.427         
 0208   495  15.577   1.212         
 0209   495  15.530   1.054         
 0210   495  17.032   2.300         
 0211   495  15.387   1.765         
 0212   495  15.683   1.205         
 0213   495  16.847   1.729         
 0214   495  15.775   1.225         
 0215   495  15.908   1.163         
 0216   495  17.315   1.702         
 0217   495  18.580   1.031         
 0218   495  16.038   1.579         
 0219   495  15.241   1.566         
 0220   495  17.632   1.281         
 0221   495  17.181   1.843         
 0222   495  13.977   1.304         
 0223   495  17.971   1.886         
 0224   495  12.208   0.604         
 0225   495  15.432   1.085         
 0226   495  16.255   3.312         
 0227   495  16.937   1.296         
 0228   495  17.644   1.879         
 0229   495  17.803   1.880         
 0230   495  15.746   1.375         
 0231   495  17.462   1.388         
 0232   495  17.262   1.946         
 0233   495  14.989   1.797         
 0234   495  14.219   1.302         
 0235   495  17.459   1.376         
 0236   495  15.616   1.656         
 0237   495  15.955   1.437         
 0238   495  14.656   0.961         
 0239   495  16.824   1.630         
 0240   495  17.245   1.774         
 0241   495  16.091   1.179         
 0242   495  17.662   1.454         
 0243   495  16.861   1.618         
 0244   495  16.551   1.511         
 0245   495  16.629   1.322         
 0246   495  16.986   1.660         
 0247   495  17.313   1.616         
 0248   495  16.371   1.090         
 0249   495  18.439   1.585         
 0250   495  17.055   1.526         
 0251   495  15.755   1.544         
 0252   495  15.844   1.137         
 0253   495  18.405   1.982         
 0254   495  16.331   1.470         
 0255   495  16.733   1.383         
 0256   495  17.222   1.897         
 0257   495  15.123   1.200         
 0258   495  17.200   1.615         
 0259   495  15.824   1.654         
 0260   495  16.673   1.853         
 0261   495  17.311   1.474         
 0262   495  12.327   1.232         
 0263   495  16.950   1.477         
 0264   495  14.819   1.222         
 0265   495  16.959   2.729         
 0266   495  17.748   1.705         
 0267   495  17.298   1.573         
 0268   495  17.869   1.935         
 0269   495  13.818   3.497         
 0270   495   9.546   1.211         
 0271   495  17.903   1.727         
 0272   495  16.261   1.146         
 0273   495  17.246   1.453         
 0274   495  17.211   1.666         
 0275   495  15.691   1.335         
 0276   495  17.637   1.541         
 0277   495  18.027   1.760         
 0278   495  16.756   1.508         
 0279   495  18.253   2.601         
 0280   495  16.949   2.305         
 0281   495  16.584   1.559         
 0282   495  16.124   1.426         
 0283   495  17.388   3.194         
 0284   495  16.333   1.507         
 0285   495  16.213   2.029         
 0286   495  17.525   2.561         
 0287   495  14.693   1.116         
 0288   495  17.514   1.656         
 0289   495  16.695   1.319         
 0290   495  16.287   1.464         
 0291   495  17.298   2.960         
 0292   495  17.655   1.557         
 0293   495  17.205   1.591         
 0294   495  17.315   1.433         
 0295   495  16.949   1.451         
 0296   495  17.654   1.510         
 0297   495  17.691   2.173         
 0298   495  16.814   1.659         
 0299   495  17.834   1.529         
 0300   495  16.354   1.446         
 0301   495  18.034   1.200         
 0302   495  17.726   1.822         
 0303   495  16.421   1.467         
 0304   495  16.798   2.447         
 0305   495  15.250   1.253         
 0306   495  17.183   2.714         
 0307   495  15.551   1.404         
 0308   495  16.061   1.242         
 0309   495  15.625   2.049         
 0310   495  18.032   1.200         
 0311   495  16.547   1.483         
 0312   495  17.948   2.421         
 0313   495  14.887   1.050         
 0314   495  17.506   1.193         
 0315   495  15.163   1.881         
 0316   495  16.463   1.555         
 0317   495  17.848   1.717         
 0318   495  17.417   1.665         
 0319   495  14.580   0.984         
 0320   495  17.849   2.141         
 0321   495  16.558   1.300         
 0322   495  17.321   2.170         
 0323   495  14.988   1.308         
 0324   495  16.624   1.379         
 0325   495  17.629   1.788         
 0326   495  16.741   1.783         
 0327   495  17.949   2.088         
 0328   495  17.447   1.667         
 0329   495  17.838   1.644         
 0330   495  16.767   2.440         
 0331   495  16.638   1.438         
 0332   495  17.957   1.898         
 0333   495  14.370   0.765         
 0334   495  17.133   1.879         
 0335   495  16.370   1.306         
 0336   495  16.122   2.773         
 0337   495  16.568   1.606         
 0338   495  17.386   2.077         
 0339   495  16.275   2.352         
 0340   495  15.073   1.724         
 0341   495  16.068   1.742         
 0342   495  16.523   1.575         
 0343   495  17.201   1.736         
 0344   495  17.836   1.622         
 0345   495  16.589   1.243         
 0346   495  16.878   2.552         
 0347   495  16.198   1.620         
 0348   495  17.709   1.523         
 0349   495  16.809   2.541         
 0350   495  17.296   1.546         
 0351   495  13.249   0.590         
 0352   495  16.401   1.426         
 0353   495  16.426   1.143         
 0354   495  16.413   1.625         
 0355   495  14.460   1.004         
 0356   495  17.266   1.073         
 0357   495  17.331   2.384         
 0358   495  14.026   1.410         
 0359   495  14.745   1.874         
 0360   495  16.178   1.482         
 0361   495  16.894   1.544         
 0362   495  17.727   1.554         
 0363   495  14.678   0.952         
 0364   495  15.928   1.559         
 0365   495   9.858   0.182         
 0366   495  13.169   1.015         
 0367   495  16.774   1.668         
 0368   495  14.890   1.975         
 0369   495  15.140   1.107         
 0370   495  15.940   1.445         
 0371   495  15.461   1.513         
 0372   495  13.389   1.402         
 0373   495  14.628   1.492         
 0374   495  14.826   1.180         
 0375   495  17.018   1.561         
 0376   495  16.912   1.641         
 0377   495  17.442   1.527         
 0378   495  16.814   1.681         
 0379   495  16.294   1.988         
 0380   495  17.242   1.926         
 0381   495  16.117   1.675         
 0382   495  14.858   1.570         
 0383   495  16.254   1.104         
 0384   495  17.548   1.882         
 0385   495  16.349   1.577         
 0386   495  17.667   1.354         
 0387   495  12.755   0.811         
 0388   495  17.672   2.063         
 0389   495  17.256   1.835         
 0390   495  18.012   1.555         
 0391   495  16.765   1.501         
 0392   495  16.865   1.994         
 0393   495  18.092   1.473         
 0394   495  13.542   1.949         
 0395   495  16.094   2.856         
 0396   495  16.787   1.773         
 0397   495  15.360   1.466         
 0398   495  15.811   1.265         
 0399   495  16.451   1.580         
 0400   495  16.325   1.751         
 0401   495  17.013   1.265         
 0402   495  15.560   1.441         
 0403   495  17.140   1.628         
 0404   495  14.133   1.025         
 0405   495  17.275   1.761         
 0406   495  14.652   1.387         
 0407   495  18.019   2.104         
 0408   495  14.569   1.007         
 0409   495  17.347   1.667         
 0410   495  16.670   1.459         
 0411   495  17.229   2.567         
 0412   495  16.466   2.057         
 0413   495  15.260   1.434         
 0414   495  16.890   4.270         
 0415   495  17.410   2.094         
 0416   495  17.495   1.644         
 0417   495  15.412   1.184         
 0418   495  17.384   1.810         
 0419   495  14.962   1.553         
 0420   495  17.238   1.620         
 0421   495  15.634   0.579         
 0422   495  15.639   1.438         
 0423   495  17.564   2.113         
 0424   495  17.170   2.067         
 0425   495  16.627   1.774         
 0426   495  15.096   1.694         
 0427   495  17.855   1.613         
 0428   495  16.595   1.118         
 0429   495  13.145   0.597         
 0430   495  17.139   1.591         
 0431   495  13.362   1.419         
 0432   495  17.471   1.617         
 0433   495  15.705   1.248         
 0434   495  13.943   1.153         
 0435   495  16.691   2.233         
 0436   495  15.488   1.507         
 0437   495  18.027   1.960         
 0438   495  16.478   1.550         
 0439   495  16.309   1.408         
 0440   495  14.884   1.433         
 0441   495  17.372   1.373         
 0442   495  17.304   1.451         
 0443   495  17.286   1.458         
 0444   495  17.441   1.573         
 0445   495  18.338   1.416         
 0446   495  16.842   1.341         
 0447   495  18.024   1.530         
 0448   495  18.549   1.240         
 0449   495  15.180   1.953         
 0450   495  17.717   1.424         
 0451   495  16.905   1.556         
 0452   495  17.636   1.710         
 0453   495  15.996   1.860         
 0454   495  16.215   1.911         
 0455   495  17.604   1.851         
 0456   495  17.810   1.579         
 0457   495  15.579   1.401         
 0458   495  16.843   1.727         
 0459   495  17.131   1.691         
 0460   495  16.595   1.744         
 0461   495  17.616   1.720         
 0462   495  17.320   2.016         
 0463   495  18.535   2.259         
 0464   495  16.730   1.520         
 0465   495  15.396   1.034         
 0466   495  16.962   1.856         
 0467   495  18.022   1.626         
 0468   495  15.413   1.002         
 0469   495  17.180   1.702         
 0470   495  16.480   1.310         
 0471   495  17.284   2.763         
 0472   495  16.474   2.088         
 0473   495  15.236   1.793         
 0474   495  15.781   1.476         
 0475   495  16.997   1.973         
 0476   495  17.384   1.604         
 0477   495  16.551   1.553         
 0478   495  16.579   1.735         
 0479   495  14.838   1.919         
 0480   495  15.419   1.139         
 0481   495  16.947   1.305         
 0482   495  16.181   1.783         
 0483   495  15.745   1.959         
 0484   495  14.853   1.033         
 0485   495  17.710   1.504         
 0486   495  17.431   1.418         
 0487   495  18.091   1.386         
 0488   495  15.283   1.394         
 0489   495  17.709   1.878         
 0490   495  16.197   1.354         
 0491   495  17.392   1.818         
 0492   495  16.992   1.633         
 0493   495  18.069   2.009         
 0494   495  15.893   1.176         
 0495   495  16.843   1.441         
 0496   495  15.057   1.111         
 0497   495  17.345   2.361         
 0498   495  17.573   1.890         
 0499   495  13.480   2.330         
 0500   495  17.946   2.265         
 0501   495  16.972   2.243         
 0502   495  17.287   1.517         
 0503   495  13.227   0.789         
 0504   495  16.848   1.595         
 0505   495  17.451   1.539         
 0506   495  16.030   1.564         
 0507   495  17.117   1.696         
 0508   495  16.591   1.508         
 0509   495  14.902   1.181         
 0510   495  17.606   1.728         
 0511   495  16.776   1.756         
 0512   495  17.273   1.738         
 0513   495  17.147   2.595         
 0514   495  15.781   1.114         
 0515   495  15.133   1.181         
 0516   495  16.292   1.334         
 0517   495  15.950   1.432         
 0518   495  13.520   0.789         
 0519   495  16.865   3.364         
 0520   495  17.059   1.379         
 0521   495  15.329   1.398         
 0522   495  16.034   1.617         
 0523   495  17.123   1.555         
 0524   495  18.070   2.082         
 0525   495  17.722   2.434         
 0526   495  14.593   2.221         
 0527   495  17.090   1.468         
 0528   495  17.419   1.921         
 0529   495  17.098   1.471         
 0530   495  15.675   2.276         
 0531   495  18.655   1.258         
 0532   495  15.305   1.513         
 0533   495  18.348   2.099         
 0534   495  17.409   1.619         
 0535   495  17.605   2.985         
 0536   495  15.184   1.368         
 0537   495  16.184   1.490         
 0538   495  16.124   1.197         
 0539   495  17.581   1.666         
 0540   495  17.570   1.886         
 0541   495  17.216   1.486         
 0542   495  16.325   1.722         
 0543   495  16.318   2.072         
 0544   495  16.136   1.460         
 0545   495  18.286   1.333         
 0546   495  16.360   2.819         
 0547   495  12.997   0.849         
 0548   495  16.961   1.792         
 0549   495  17.467   1.450         
 0550   495  17.898   1.818         
 0551   495  17.937   2.009         
 0552   495  14.597   1.046         
 0553   495  17.572   1.564         
 0554   495  15.119   1.357         
 0555   495  16.802   1.229         
 0556   495  16.390   1.699         
 0557   495  16.963   1.856         
 0558   495  16.585   1.455         
 0559   495  15.984   2.497         
 0560   495  15.922   1.827         
 0561   495  17.760   1.846         
 0562   495  17.658   2.209         
 0563   495  17.062   1.768         
 0564   495  17.748   2.209         
 0565   495  16.705   1.998         
 0566   495  14.041   2.024         
 0567   495  17.951   2.701         
 0568   495  16.328   1.410         
 0569   495  16.628   1.470         
 0570   495  17.651   1.861         
 0571   495  17.020   1.527         
 0572   495  17.846   1.586         
 0573   495  17.115   2.063         
 0574   495  16.173   1.656         
 0575   495  16.736   1.818         
 0576   495  16.848   1.670         
 0577   495  16.653   3.006         
 0578   495  17.896   1.560         
 0579   495  17.043   1.568         
 0580   495  12.389   1.509         
 0581   495  17.803   3.017         
 0582   495  17.137   1.428         
 0583   495  17.238   1.838         
 0584   495  16.919   1.581         
 0585   495  17.845   1.823         
 0586   495  16.986   1.910         
 0587   495  18.229   1.976         
 0588   495  14.033   2.015         
 0589   495  13.389   0.925         
 0590   495  16.150   2.382         
 0591   495  16.654   1.774         
 0592   495  16.599   1.243         
 0593   495  16.788   1.797         
 0594   495  17.798   1.722         
 0595   495  16.413   1.413         
 0596   495  16.815   1.650         
 0597   495  16.259   3.531         
 0598   495  13.527   1.025         
 0599   495  16.299   1.468         
 0600   495  15.533   1.099         
 0601   495  13.323   0.896         
 0602   495  10.726   1.236         
 0603   495  16.126   1.237         
 0604   495  12.798   0.704         
 0605   495  17.747   2.109         
 0606   495  14.480   1.798         
 0607   495  17.481   1.694         
 0608   495  18.295   1.491         
 0609   495  17.917   2.396         
 0610   495  17.147   1.451         
 0611   495  16.114   1.304         
 0612   495  16.244   1.388         
 0613   495  16.810   1.976         
 0614   495  14.531   1.691         
 0615   495  18.124   1.433         
 0616   495  17.514   1.928         
 0617   495  18.048   1.757         
 0618   495  17.140   2.094         
 0619   495  14.545   0.811         
 0620   495  17.017   1.332         
 0621   495  16.270   1.194         
 0622   495  16.139   1.683         
 0623   495  15.829   2.238         
 0624   495  16.303   1.212         
 0625   495  17.130   1.856         
 0626   495  17.059   1.636         
 0627   495  17.075   1.721         
 0628   495  17.168   1.242         
 0629   495  17.124   2.036         
 0630   495  14.509   0.841         
 0631   495  18.465   1.640         
 0632   495  17.430   2.064         
 0633   495  15.554   1.110         
 0634   495  16.958   1.795         
 0635   495  15.951   0.992         
 0636   495  17.444   1.780         
 0637   495  16.278   1.461         
 0638   495  15.060   1.559         
 0639   495  14.272   2.738         
 0640   495  12.884   0.636         
 0641   495  16.622   1.790         
 0642   495  17.515   1.695         
 0643   495  16.263   1.885         
 0644   495  13.501   2.226         
 0645   495  16.702   1.847         
 0646   495  16.860   1.946         
 0647   495  16.836   1.272         
 0648   495  18.168   2.027         
 0649   495  15.694   1.263         
 0650   495  17.485   1.980         
 0651   495  14.968   1.136         
 0652   495  17.390   1.698         
 0653   495  17.861   1.623         
 0654   495  17.547   1.629         
 0655   495  17.846   1.831         
 0656   495  18.234   1.557         
 0657   495  17.106   1.505         
 0658   495  16.079   2.233         
 0659   495  17.489   1.462         
 0660   495  16.934   2.786         
 0661   495  16.871   1.698         
 0662   495  17.020   1.496         
 0663   495  15.389   1.052         
 0664   495  18.346   1.279         
 0665   495  17.784   1.739         
 0666   495  17.986   1.920         
 0667   495  14.884   1.058         
 0668   495  14.444   1.455         
 0669   495  13.631   2.297         
 0670   495  16.959   2.459         
 0671   495  16.538   1.274         
 0672   495  17.791   1.654         
 0673   495  17.609   1.474         
 0674   495  16.012   1.106         
 0675   495  16.720   2.285         
 0676   495  17.421   1.553         
 0677   495  17.502   1.428         
 0678   495  10.309   1.576         
 0679   495  18.476   1.467         
 0680   495  18.152   1.361         
 0681   495   9.954   0.122         
 0682   495  17.702   1.662         
 0683   495  17.183   1.952         
 0684   495  17.783   1.575         
 0685   495  16.339   1.366         
 0686   495  17.610   1.708         
 0687   495  16.816   1.277         
 0688   495  14.717   1.007         
 0689   495  15.598   1.093         
 0690   495  15.719   1.298         
 0691   495  17.773   1.609         
 0692   495  18.130   1.637         
 0693   495  17.191   1.525         
 0694   495  16.457   1.369         
 0695   495  16.249   1.732         
 0696   495  18.517   1.532         
 0697   495  16.727   2.762         
 0698   495  18.012   2.086         
 0699   495  14.478   1.154         
 0700   495  15.957   1.670         
 0701   495  15.971   1.541         
 0702   495  17.448   1.522         
 0703   495  16.373   1.478         
 0704   495  18.399   1.785         
 0705   495  16.459   2.116         
 0706   495  16.628   1.495         
 0707   495  16.526   1.595         
 0708   495  13.843   0.751         
 0709   495  16.303   1.508         
 0710   495  15.700   1.565         
 0711   495  17.499   1.351         
 0712   495  18.290   1.982         
 0713   495  17.262   1.607         
 0714   495  17.596   1.524         
 0715   495  16.581   1.379         
 0716   495  16.165   1.510         
 0717   495  18.226   1.383         
 0718   495  13.251   0.727         
 0719   495  15.289   1.124         
 0720   495  15.338   1.084         
 0721   495  12.557   0.826         
 0722   495  17.346   1.385         
 0723   495  17.248   1.849         
 0724   495  16.858   1.467         
 0725   495  16.496   1.421         
 0726   495  15.767   1.262         
 0727   495  18.190   1.560         
 0728   495  17.757   1.382         
 0729   495  15.887   1.442         
 0730   495  16.699   1.281         
 0731   495  17.775   1.687         
 0732   495  16.656   1.672         
 0733   495  16.682   1.461         
 0734   495  15.942   1.510         
 0735   495  17.120   1.817         
 0736   495  13.524   0.930         
 0737   495  15.836   1.216         
 0738   495  14.450   1.906         
 0739   495  16.328   1.095         
 0740   495  12.979   0.603         
 0741   495  16.248   1.586         
 0742   495  16.325   2.731         
 0743   495  17.624   1.960         
 0744   495  18.029   1.513         
 0745   495  16.926   1.645         
 0746   495  16.429   1.343         
 0747   495  16.303   1.626         
 0748   495  17.908   1.726         
 0749   495  17.139   1.493         
 0750   495  17.175   1.604         
 0751   495  17.689   1.374         
 0752   495  17.786   1.824         
 0753   495  12.803   0.723         
 0754   495  14.835   1.253         
 0755   495  14.948   1.232         
 0756   495  16.153   1.676         
 0757   495  16.160   1.623         
 0758   495  17.176   1.386         
 0759   495  16.070   1.132         
 0760   495  16.587   1.216         
 0761   495  15.725   1.475         
 0762   495  15.902   1.621         

